res =

   1.41850027129847e-01
   1.33389918883547e+00
   1.44887752162118e+00
   2.68837974300891e+00
   5.13551286507280e-01
   2.68091372445630e+00
   1.94630409531816e+00
   6.07978727268459e-01
   1.18880473471519e+00
   1.13567959930568e+00
   7.43986652373930e-01
   7.29716053798731e-01
   1.57681264564608e-01
   6.64530028749387e-01
   6.82192284112828e-01
   5.60654336622206e-01
   1.57299717139542e+00
   6.75289248366965e-01
   1.11140927016895e+00
   3.38192444204667e-01
   1.49545216059887e+00
   2.02147586313095e+00
   1.91311113036566e-01
   2.37623086078860e+00
   1.94714746782054e+00
   1.87792670909160e+00
   1.21218705304229e+00
   2.87266841301211e+00
  -2.08994116666334e-02
   8.24326149127273e-01
   1.39013455501340e+00
   1.54424238271608e+00
   1.48544672769760e+00
   1.40305820406783e+00
   1.03736897289976e+00
   1.85730852909586e+00
   2.09772074600751e+00
   1.16116076783669e+00
   5.94203977301041e-01
   3.78117480372537e-01
   2.13537744485987e+00
   1.63709049572002e+00
   2.10593345727550e+00
   9.24184156709546e-01
   9.13680781336965e-01
   2.94646756083437e+00
   2.94801829923592e-01
   5.54070562297885e-01
   3.02382567651638e+00
   1.49619021082719e-01
   5.96630029091506e-01
   3.74256620298518e-01
   1.11694100088674e+00
   2.60787040542369e+00
   8.15985318886552e-01
   6.68690491560733e-01
   8.51867284112638e-01
   1.12881411320777e+00
   2.28042472698852e+00
   1.19820837932163e+00
   1.48324892433131e+00
   1.57306476530554e+00
   2.28192608798402e+00
   3.82220306741369e-01
   1.37772708127961e+00
  -3.87812063345851e-02
   2.53289595859231e+00
   1.31485589447788e-01
   4.88997278204111e-01
   4.10253337257603e-01
   3.90496349050011e-01
   4.99500560187898e-01
   2.56866618839261e+00
   2.91731718906172e+00
   2.15850649287231e+00
   1.08758636995829e+00
   1.50084046556566e+00
   9.63559425783675e-01
   5.34844576937408e-01
   2.44383341083052e+00
   5.10146519302300e-01
   1.09059570861545e+00
   3.78396495706003e-01
   1.81753888705075e+00
   4.18273275112195e-01
   1.43741619548128e+00
   8.37151846557577e-01
   3.83969600133467e+00
   5.82322096031249e-01
   1.88386556880299e+00
   8.43846970021705e-01
   8.81224555301421e-01
   8.10243122962910e-01
   1.42967411629878e+00
   2.82545135705891e+00
   1.02504780121745e+00
   4.46991990237627e-01
   7.58124081459692e-01
   1.51078744984766e+00
   1.69763594698186e+00
   8.80546153667581e-01
   1.19099992849137e+00
   7.79485105330810e-01
   1.13072919641668e+00
   1.53914949077057e+00
  -1.28102616037716e-01
   8.76048890143213e-01
   1.92454324391769e+00
   9.97421254814693e-01
   1.57198161190147e+00
   4.54414209648475e-01
   1.03049788157851e+00
   1.55208422185472e+00
   1.13624693184094e+00
   1.58447584450816e+00
   9.82354290860314e-01
   3.54819931381755e-01
   2.13846010889655e+00
   1.49432462208771e+00
   1.86184604140123e+00
   6.21207135887269e-01
   1.00090112535030e+00
   8.49511625464092e-01
   1.10082573318977e+00
   1.04349937410812e+00
   4.80388731676164e-01
   6.65312322252798e-01
   4.11228225321236e+00
   1.66232351191680e+00
   4.52127386771258e-01
   6.58395950707648e-01
   6.27536624536015e-01
   6.42047467375153e-01
   1.71901502638790e+00
   1.87636532492407e+00
   7.91735604772205e-01
   4.58554165092150e-01
   1.36813002619634e+00
   9.12940524887751e-01
   1.39178760743549e+00
   1.14482712511415e+00
   1.15127429033019e+00
   7.74541572667031e-02
   1.66146059948556e+00
   3.32911746797448e-01
   1.28202569705968e+00
   9.52718164865113e-02
   8.56114335802241e-01
   9.84735205726584e-01
   1.51588804647257e+00
   1.27576720195996e+00
   1.36004304695236e-01
   7.63860401410503e-01
   1.25696776570155e+00
   4.24877621966499e-01
   5.16503940390824e-01
   1.57821185113237e+00
   2.24852039618918e+00
   1.48038193990477e+00
   6.81458002339473e-01
   2.86406157039011e+00
   2.81122739556432e+00
   7.16022809250300e-01
   1.28030085072163e+00
   1.42977494279673e+00
   4.56542016520360e+00
   1.31746405159948e+00
   6.51329303471695e-01
   7.51032380274013e-01
   7.75610929531197e-01
   6.15369999347578e-01
   2.01565307642684e+00
   7.34965926585059e-01
   1.35193844173181e+00
   3.35774006475524e-01
   9.22029629632299e-01
   1.99751235443463e+00
   1.35339646835042e+00
   7.92450097373924e-01
   1.44639186411357e+00
   4.47471764472760e-01
   5.15550784082775e-01
   3.53563866013533e-01
   2.84716235112618e+00
   5.21112241828907e-01
   1.69025242933496e+00
   2.62876249637971e+00
   3.42980463705728e-01
   1.64921720053744e+00
   3.86588959178380e-01
   2.59447212348398e+00
   1.22524289799499e+00
   1.86925697995606e+00
   1.09616970831289e+00
   1.15306929479090e+00
   7.53022006371705e-01
   9.52965125396079e-01
   3.71999402120945e-01
   1.61981327167032e+00
   5.44244114349499e-01
   1.56137237414350e+00
   1.21733657059954e+00
   6.57779009177474e-01
   1.99629448565589e+00
   2.41819458170173e+00
   7.98851242664952e-01
   6.87402602417722e-01
   2.82548183498325e+00
   1.27159908883452e+00
   6.09828653158782e-01
   1.52483831314048e+00
   2.02005474345348e+00
   7.45980197206349e-01
   1.46295620587491e+00
   1.99561519157421e-01
   5.58676477035495e-01
   1.16003693452401e+00
   6.45443391139177e-01
   4.45309538723047e-01
   4.62285887360258e-01
   9.12640366652974e-01
   2.41763001562993e+00
   4.56107474149921e-01
   1.58112042875763e+00
   7.60596937138609e-01
   5.08657838719863e-01
   2.00728744558507e+00
   3.66108538892309e-01
   5.84435915558462e-01
   7.18457496162787e-01
   1.92635146485220e+00
   1.97506149106131e-01
   3.00282606550631e+00
   1.53673821890929e+00
   7.51187534841906e-01
   1.64568413333886e+00
   2.28298018641406e+00
   1.80373229684113e+00
   1.94705428880177e+00
   1.16440373741961e+00
   8.15912366943685e-01
   6.25810379388111e-01
   3.78108239139666e-01
   5.48331264919803e+00
   3.53784101715670e-01
   9.41580966096502e-01
   2.49482765076026e+00
   5.00749879163105e-01
   3.81787433174170e-01
   1.98233869927852e+00
   6.68390033433790e-01
   5.09907046144855e-01
   3.63663955945008e-01
   9.53204997416096e-01
   1.10397560351635e+00
   1.08544935952868e+00
   8.75333132791782e-01
   9.62408091982676e-01
   3.40306803418622e-01
   1.18008554101951e+00
   1.32930444609873e+00
   2.85468304262046e+00
   3.37027621113110e+00
   9.73751886965448e-01
   3.23341560642654e-01
   4.92362844844957e-01
   1.62686580659744e+00
   3.48253437191785e-01
   4.14946705686188e-01
   5.04077447888394e-01
   8.02850513089649e-01
   1.51011942100922e+00
   7.60048348390874e-01
   2.60131685737879e-01
   1.33383269320711e+00
   2.11373567248838e+00
   1.42387369165017e+00
   1.17194863230492e+00
   2.76031699139790e+00
   1.52285078824057e+00
   1.00748083157436e+00
   4.32009492329235e-01
   9.58538821691702e-01
   7.54204966622735e-01
   8.20656105468668e-02
   2.18728596258287e+00
   2.14924377910248e-01
   1.34074566387357e+00
   4.08710284949745e-01
   1.27655933578251e+00
   1.56092422497670e+00
   1.12931374691669e+00
   6.00838733873645e-01
   3.16543061625149e-01
   1.37592572235467e+00
   5.36403823848418e-01
   1.51707618045059e+00
   1.74604206454447e+00
   5.05206352969496e-01
   1.08628914179168e+00
   5.53097698817709e-01
   8.06273006619780e-01
   2.03597623581024e+00
   8.63301669223673e-01
   6.00849655443682e-01
   2.78699740376684e+00
   1.84185246478734e+00
   1.56525511134611e-01
   3.05981090666924e-01
   8.05774535511426e-01
   6.09714777552719e-01
   2.96428827260433e+00
   4.37769341729644e+00
   1.89501693878800e-01
   1.14984797401213e+00
   1.14450367180117e+00
   3.39272163506407e-01
   2.61508014309251e+00
   1.27406354382925e+00
   2.33416998248224e-01
   1.59540282814219e+00
   1.39866659995503e+00
   4.90938560416217e-01
   1.42916137738698e+00
   3.46419942032792e+00
   1.61316783288363e+00
   5.72846932411695e-01
   1.49294521293355e+00
   7.15683104041936e-01
   6.90904773827881e-01
   3.24594332278611e-01
   1.29098469159743e+00
   7.03268558213156e-01
